&INPUTHP
  alpha_mix(1) =   4.0000000000d-01
  conv_thr_chi =   1.0000000000d-06
  iverbosity = 2
  max_seconds =   3.4200000000d+03
  niter_max = 100
  nmix = 8
  nq1 = 3
  nq2 = 3
  nq3 = 2
  outdir = 'out'
  prefix = 'NW'
  rmax =   4.1531491806d+00
/
